learning_rate: 0.0009223880023777342
weight_decay: 9.970924172565707e-05
